400 =mdim
1 =nblocks
{400}
1.000000000000000 1.000000000000000 1.000000000000000 1.000000000000000 1.000000000000000 &
1.000000000000000 1.000000000000000 1.000000000000000 1.000000000000000 1.000000000000000 &
1.000000000000000 1.000000000000000 1.000000000000000 1.000000000000000 1.000000000000000 &
1.000000000000000 1.000000000000000 1.000000000000000 1.000000000000000 1.000000000000000 &
1.000000000000000 1.000000000000000 1.000000000000000 1.000000000000000 1.000000000000000 &
1.000000000000000 1.000000000000000 1.000000000000000 1.000000000000000 1.000000000000000 &
1.000000000000000 1.000000000000000 1.000000000000000 1.000000000000000 1.000000000000000 &
1.000000000000000 1.000000000000000 1.000000000000000 1.000000000000000 1.000000000000000 &
1.000000000000000 1.000000000000000 1.000000000000000 1.000000000000000 1.000000000000000 &
1.000000000000000 1.000000000000000 1.000000000000000 1.000000000000000 1.000000000000000 &
1.000000000000000 1.000000000000000 1.000000000000000 1.000000000000000 1.000000000000000 &
1.000000000000000 1.000000000000000 1.000000000000000 1.000000000000000 1.000000000000000 &
1.000000000000000 1.000000000000000 1.000000000000000 1.000000000000000 1.000000000000000 &
1.000000000000000 1.000000000000000 1.000000000000000 1.000000000000000 1.000000000000000 &
1.000000000000000 1.000000000000000 1.000000000000000 1.000000000000000 1.000000000000000 &
1.000000000000000 1.000000000000000 1.000000000000000 1.000000000000000 1.000000000000000 &
1.000000000000000 1.000000000000000 1.000000000000000 1.000000000000000 1.000000000000000 &
1.000000000000000 1.000000000000000 1.000000000000000 1.000000000000000 1.000000000000000 &
1.000000000000000 1.000000000000000 1.000000000000000 1.000000000000000 1.000000000000000 &
1.000000000000000 1.000000000000000 1.000000000000000 1.000000000000000 1.000000000000000 &
1.000000000000000 1.000000000000000 1.000000000000000 1.000000000000000 1.000000000000000 &
1.000000000000000 1.000000000000000 1.000000000000000 1.000000000000000 1.000000000000000 &
1.000000000000000 1.000000000000000 1.000000000000000 1.000000000000000 1.000000000000000 &
1.000000000000000 1.000000000000000 1.000000000000000 1.000000000000000 1.000000000000000 &
1.000000000000000 1.000000000000000 1.000000000000000 1.000000000000000 1.000000000000000 &
1.000000000000000 1.000000000000000 1.000000000000000 1.000000000000000 1.000000000000000 &
1.000000000000000 1.000000000000000 1.000000000000000 1.000000000000000 1.000000000000000 &
1.000000000000000 1.000000000000000 1.000000000000000 1.000000000000000 1.000000000000000 &
1.000000000000000 1.000000000000000 1.000000000000000 1.000000000000000 1.000000000000000 &
1.000000000000000 1.000000000000000 1.000000000000000 1.000000000000000 1.000000000000000 &
1.000000000000000 1.000000000000000 1.000000000000000 1.000000000000000 1.000000000000000 &
1.000000000000000 1.000000000000000 1.000000000000000 1.000000000000000 1.000000000000000 &
1.000000000000000 1.000000000000000 1.000000000000000 1.000000000000000 1.000000000000000 &
1.000000000000000 1.000000000000000 1.000000000000000 1.000000000000000 1.000000000000000 &
1.000000000000000 1.000000000000000 1.000000000000000 1.000000000000000 1.000000000000000 &
1.000000000000000 1.000000000000000 1.000000000000000 1.000000000000000 1.000000000000000 &
1.000000000000000 1.000000000000000 1.000000000000000 1.000000000000000 1.000000000000000 &
1.000000000000000 1.000000000000000 1.000000000000000 1.000000000000000 1.000000000000000 &
1.000000000000000 1.000000000000000 1.000000000000000 1.000000000000000 1.000000000000000 &
1.000000000000000 1.000000000000000 1.000000000000000 1.000000000000000 1.000000000000000 &
1.000000000000000 1.000000000000000 1.000000000000000 1.000000000000000 1.000000000000000 &
1.000000000000000 1.000000000000000 1.000000000000000 1.000000000000000 1.000000000000000 &
1.000000000000000 1.000000000000000 1.000000000000000 1.000000000000000 1.000000000000000 &
1.000000000000000 1.000000000000000 1.000000000000000 1.000000000000000 1.000000000000000 &
1.000000000000000 1.000000000000000 1.000000000000000 1.000000000000000 1.000000000000000 &
1.000000000000000 1.000000000000000 1.000000000000000 1.000000000000000 1.000000000000000 &
1.000000000000000 1.000000000000000 1.000000000000000 1.000000000000000 1.000000000000000 &
1.000000000000000 1.000000000000000 1.000000000000000 1.000000000000000 1.000000000000000 &
1.000000000000000 1.000000000000000 1.000000000000000 1.000000000000000 1.000000000000000 &
1.000000000000000 1.000000000000000 1.000000000000000 1.000000000000000 1.000000000000000 &
1.000000000000000 1.000000000000000 1.000000000000000 1.000000000000000 1.000000000000000 &
1.000000000000000 1.000000000000000 1.000000000000000 1.000000000000000 1.000000000000000 &
1.000000000000000 1.000000000000000 1.000000000000000 1.000000000000000 1.000000000000000 &
1.000000000000000 1.000000000000000 1.000000000000000 1.000000000000000 1.000000000000000 &
1.000000000000000 1.000000000000000 1.000000000000000 1.000000000000000 1.000000000000000 &
1.000000000000000 1.000000000000000 1.000000000000000 1.000000000000000 1.000000000000000 &
1.000000000000000 1.000000000000000 1.000000000000000 1.000000000000000 1.000000000000000 &
1.000000000000000 1.000000000000000 1.000000000000000 1.000000000000000 1.000000000000000 &
1.000000000000000 1.000000000000000 1.000000000000000 1.000000000000000 1.000000000000000 &
1.000000000000000 1.000000000000000 1.000000000000000 1.000000000000000 1.000000000000000 &
1.000000000000000 1.000000000000000 1.000000000000000 1.000000000000000 1.000000000000000 &
1.000000000000000 1.000000000000000 1.000000000000000 1.000000000000000 1.000000000000000 &
1.000000000000000 1.000000000000000 1.000000000000000 1.000000000000000 1.000000000000000 &
1.000000000000000 1.000000000000000 1.000000000000000 1.000000000000000 1.000000000000000 &
1.000000000000000 1.000000000000000 1.000000000000000 1.000000000000000 1.000000000000000 &
1.000000000000000 1.000000000000000 1.000000000000000 1.000000000000000 1.000000000000000 &
1.000000000000000 1.000000000000000 1.000000000000000 1.000000000000000 1.000000000000000 &
1.000000000000000 1.000000000000000 1.000000000000000 1.000000000000000 1.000000000000000 &
1.000000000000000 1.000000000000000 1.000000000000000 1.000000000000000 1.000000000000000 &
1.000000000000000 1.000000000000000 1.000000000000000 1.000000000000000 1.000000000000000 &
1.000000000000000 1.000000000000000 1.000000000000000 1.000000000000000 1.000000000000000 &
1.000000000000000 1.000000000000000 1.000000000000000 1.000000000000000 1.000000000000000 &
1.000000000000000 1.000000000000000 1.000000000000000 1.000000000000000 1.000000000000000 &
1.000000000000000 1.000000000000000 1.000000000000000 1.000000000000000 1.000000000000000 &
1.000000000000000 1.000000000000000 1.000000000000000 1.000000000000000 1.000000000000000 &
1.000000000000000 1.000000000000000 1.000000000000000 1.000000000000000 1.000000000000000 &
1.000000000000000 1.000000000000000 1.000000000000000 1.000000000000000 1.000000000000000 &
1.000000000000000 1.000000000000000 1.000000000000000 1.000000000000000 1.000000000000000 &
1.000000000000000 1.000000000000000 1.000000000000000 1.000000000000000 1.000000000000000 &
1.000000000000000 1.000000000000000 1.000000000000000 1.000000000000000 1.000000000000000
0 1 1 2 -8.80520000000000E+4
0 1 1 20 -4.74580000000000E+4
0 1 1 21 -7.11000000000000E+4
0 1 1 381 -1.01569000000000E+5
0 1 2 3 8.403299999999997E+4
0 1 2 22 1.460680000000000E+5
0 1 2 382 -3.21190000000000E+4
0 1 3 4 -1.78988000000000E+5
0 1 3 23 -9.50030000000000E+4
0 1 3 383 1.317790000000000E+5
0 1 4 5 -2.01682000000000E+5
0 1 4 24 1.441700000000000E+4
0 1 4 384 5.343100000000001E+4
0 1 5 6 9.323999999999999E+4
0 1 5 25 1.083500000000000E+5
0 1 5 385 5686.000000000000000
0 1 6 7 -8.64510000000000E+4
0 1 6 26 -1.52678000000000E+5
0 1 6 386 -2.45360000000000E+4
0 1 7 8 -6.39360000000000E+4
0 1 7 27 4.015600000000000E+4
0 1 7 387 -3.56500000000000E+4
0 1 8 9 9643.000000000000000
0 1 8 28 1.530300000000000E+4
0 1 8 388 -1.51852000000000E+5
0 1 9 10 -2.66080000000000E+5
0 1 9 29 6.138399999999999E+4
0 1 9 389 9.865099999999999E+4
0 1 10 11 1.188210000000000E+5
0 1 10 30 -1.22890000000000E+4
0 1 10 390 -106.000000000000000
0 1 11 12 -3.75940000000000E+4
0 1 11 31 -2.04990000000000E+4
0 1 11 391 7.253000000000001E+4
0 1 12 13 -8.40310000000000E+4
0 1 12 32 8815.000000000000000
0 1 12 392 -2.62910000000000E+4
0 1 13 14 -1.16380000000000E+4
0 1 13 33 -7.26050000000000E+4
0 1 13 393 -1.34156000000000E+5
0 1 14 15 -1.31028000000000E+5
0 1 14 34 6.550100000000001E+4
0 1 14 394 5.402600000000000E+4
0 1 15 16 1.944440000000000E+5
0 1 15 35 -1.66920000000000E+4
0 1 15 395 -1.72006000000000E+5
0 1 16 17 1.070000000000000E+4
0 1 16 36 1.142890000000000E+5
0 1 16 396 1.270690000000000E+5
0 1 17 18 -2.55080000000000E+4
0 1 17 37 6.093900000000000E+4
0 1 17 397 -2.45243000000000E+5
0 1 18 19 -1.05409000000000E+5
0 1 18 38 9703.000000000000000
0 1 18 398 4905.000000000000000
0 1 19 20 -1.03051000000000E+5
0 1 19 39 5.835000000000000E+4
0 1 19 399 5.424700000000000E+4
0 1 20 40 -3.39890000000000E+4
0 1 20 400 -1.04079000000000E+5
0 1 21 22 1.085880000000000E+5
0 1 21 40 3.817400000000000E+4
0 1 21 41 -1.40304000000000E+5
0 1 22 23 4.177500000000001E+4
0 1 22 42 9.370099999999998E+4
0 1 23 24 1.475800000000000E+4
0 1 23 43 8.827000000000001E+4
0 1 24 25 -1.45390000000000E+4
0 1 24 44 3.728000000000000E+4
0 1 25 26 -2.40290000000000E+4
0 1 25 45 -6.10820000000000E+4
0 1 26 27 8.686899999999999E+4
0 1 26 46 -1.82830000000000E+4
0 1 27 28 1.149230000000000E+5
0 1 27 47 -7.33820000000000E+4
0 1 28 29 1.263150000000000E+5
0 1 28 48 3.713400000000000E+4
0 1 29 30 1.450120000000000E+5
0 1 29 49 8.692499999999999E+4
0 1 30 31 1.279300000000000E+4
0 1 30 50 1.122450000000000E+5
0 1 31 32 -3.31500000000000E+3
0 1 31 51 5.850900000000000E+4
0 1 32 33 -9.52700000000000E+3
0 1 32 52 -3.53444000000000E+5
0 1 33 34 -3.25970000000000E+4
0 1 33 53 -4.16060000000000E+4
0 1 34 35 8.951100000000000E+4
0 1 34 54 8.775499999999999E+4
0 1 35 36 -3.62860000000000E+4
0 1 35 55 1.127360000000000E+5
0 1 36 37 9.196999999999999E+4
0 1 36 56 -1.37824000000000E+5
0 1 37 38 8.593100000000001E+4
0 1 37 57 -2.49910000000000E+4
0 1 38 39 8.312599999999999E+4
0 1 38 58 533.000000000000000
0 1 39 40 -4.71470000000000E+4
0 1 39 59 5074.000000000000000
0 1 40 60 2349.000000000000000
0 1 41 42 3461.000000000000000
0 1 41 60 8.037800000000000E+4
0 1 41 61 7.047800000000000E+4
0 1 42 43 5.212700000000000E+4
0 1 42 62 8.409900000000000E+4
0 1 43 44 1.273760000000000E+5
0 1 43 63 1.696720000000000E+5
0 1 44 45 -1.54570000000000E+4
0 1 44 64 -9.09070000000000E+4
0 1 45 46 2.478190000000000E+5
0 1 45 65 -9.55400000000000E+3
0 1 46 47 2.554900000000000E+4
0 1 46 66 9.868299999999999E+4
0 1 47 48 -1.93250000000000E+4
0 1 47 67 6.871400000000000E+4
0 1 48 49 -1.00177000000000E+5
0 1 48 68 -9.42020000000000E+4
0 1 49 50 2.028350000000000E+5
0 1 49 69 -5.92880000000000E+4
0 1 50 51 4.821500000000000E+4
0 1 50 70 2.773300000000000E+4
0 1 51 52 5.798200000000000E+4
0 1 51 71 5.616700000000000E+4
0 1 52 53 -3.44270000000000E+4
0 1 52 72 -6.73410000000000E+4
0 1 53 54 2.599900000000000E+4
0 1 53 73 -3.90660000000000E+4
0 1 54 55 1.838890000000000E+5
0 1 54 74 9323.000000000000000
0 1 55 56 7.298500000000000E+4
0 1 55 75 -8.36600000000000E+3
0 1 56 57 -8.86540000000000E+4
0 1 56 76 4665.000000000000000
0 1 57 58 4.322900000000000E+4
0 1 57 77 -1.31436000000000E+5
0 1 58 59 -1.41773000000000E+5
0 1 58 78 -4.80500000000000E+4
0 1 59 60 5.133300000000001E+4
0 1 59 79 -6.47320000000000E+4
0 1 60 80 -2.32227000000000E+5
0 1 61 62 -2.17880000000000E+4
0 1 61 80 -1.39480000000000E+4
0 1 61 81 4.367900000000000E+4
0 1 62 63 1.521300000000000E+4
0 1 62 82 -1.52780000000000E+4
0 1 63 64 -3.86110000000000E+4
0 1 63 83 -3.21150000000000E+4
0 1 64 65 9.763999999999999E+4
0 1 64 84 -8.42960000000000E+4
0 1 65 66 -4.77000000000000E+4
0 1 65 85 5.792200000000001E+4
0 1 66 67 7.146200000000001E+4
0 1 66 86 3.965800000000000E+4
0 1 67 68 -2.33930000000000E+4
0 1 67 87 1.300200000000000E+4
0 1 68 69 7.804100000000001E+4
0 1 68 88 8815.000000000000000
0 1 69 70 9.342600000000000E+4
0 1 69 89 -6.34000000000000E+3
0 1 70 71 -1.22830000000000E+4
0 1 70 90 -7.34310000000000E+4
0 1 71 72 -3.44170000000000E+4
0 1 71 91 602.000000000000000
0 1 72 73 5.467600000000000E+4
0 1 72 92 -3.27890000000000E+4
0 1 73 74 3.354100000000000E+4
0 1 73 93 5.353300000000000E+4
0 1 74 75 1.632500000000000E+4
0 1 74 94 -5.89100000000000E+4
0 1 75 76 -1.95368000000000E+5
0 1 75 95 9.855600000000000E+4
0 1 76 77 1.446500000000000E+4
0 1 76 96 -1.73370000000000E+5
0 1 77 78 -1.01901000000000E+5
0 1 77 97 -2.64250000000000E+4
0 1 78 79 -1.07830000000000E+5
0 1 78 98 8.592100000000000E+4
0 1 79 80 4.174600000000000E+4
0 1 79 99 3.206400000000000E+4
0 1 80 100 -1.10073000000000E+5
0 1 81 82 -1.27327000000000E+5
0 1 81 100 -7.19150000000000E+4
0 1 81 101 4.482400000000001E+4
0 1 82 83 8.470399999999999E+4
0 1 82 102 -4.33350000000000E+4
0 1 83 84 -7.23960000000000E+4
0 1 83 103 -8.27930000000000E+4
0 1 84 85 661.000000000000000
0 1 84 104 -1.67939000000000E+5
0 1 85 86 1.452910000000000E+5
0 1 85 105 -4.12540000000000E+4
0 1 86 87 -1.17105000000000E+5
0 1 86 106 -3.21960000000000E+4
0 1 87 88 -1.06413000000000E+5
0 1 87 107 -3.86830000000000E+4
0 1 88 89 -8.76490000000000E+4
0 1 88 108 1.200430000000000E+5
0 1 89 90 1.569340000000000E+5
0 1 89 109 1.126780000000000E+5
0 1 90 91 -9.42300000000000E+3
0 1 90 110 -6.16740000000000E+4
0 1 91 92 -3.58020000000000E+4
0 1 91 111 6.254400000000000E+4
0 1 92 93 4.196500000000000E+4
0 1 92 112 5.509200000000000E+4
0 1 93 94 -7.27300000000000E+3
0 1 93 113 1.352930000000000E+5
0 1 94 95 -6.00300000000000E+3
0 1 94 114 -5.49600000000000E+3
0 1 95 96 8206.000000000000000
0 1 95 115 9.350600000000000E+4
0 1 96 97 -1.76198000000000E+5
0 1 96 116 1.139200000000000E+5
0 1 97 98 2.531900000000000E+4
0 1 97 117 -9.48980000000000E+4
0 1 98 99 -1.81971000000000E+5
0 1 98 118 3.135800000000001E+4
0 1 99 100 6.467100000000001E+4
0 1 99 119 -2.23950000000000E+4
0 1 100 120 -4.79230000000000E+4
0 1 101 102 -5.77000000000000E+3
0 1 101 120 -1.70591000000000E+5
0 1 101 121 -4.86930000000000E+4
0 1 102 103 4.618900000000000E+4
0 1 102 122 -3.75001000000000E+5
0 1 103 104 3.340500000000000E+4
0 1 103 123 -5.89170000000000E+4
0 1 104 105 -4.40460000000000E+4
0 1 104 124 1.674610000000000E+5
0 1 105 106 6903.000000000000000
0 1 105 125 -4.62650000000000E+4
0 1 106 107 1.498680000000000E+5
0 1 106 126 4.014000000000001E+4
0 1 107 108 1.773100000000000E+4
0 1 107 127 -1.80662000000000E+5
0 1 108 109 5.854100000000001E+4
0 1 108 128 -2.08990000000000E+5
0 1 109 110 7.436200000000000E+4
0 1 109 129 -6.92700000000000E+3
0 1 110 111 -1.87780000000000E+4
0 1 110 130 1.368570000000000E+5
0 1 111 112 -1.84860000000000E+4
0 1 111 131 -5.20430000000000E+4
0 1 112 113 -5.12510000000000E+4
0 1 112 132 2.389360000000000E+5
0 1 113 114 8.798399999999999E+4
0 1 113 133 6.584300000000001E+4
0 1 114 115 1.195600000000000E+4
0 1 114 134 -9.77190000000000E+4
0 1 115 116 -3.82280000000000E+4
0 1 115 135 1.478300000000000E+4
0 1 116 117 1.830100000000000E+4
0 1 116 136 9.554799999999998E+4
0 1 117 118 -2.80060000000000E+4
0 1 117 137 9.865899999999999E+4
0 1 118 119 5.301500000000000E+4
0 1 118 138 -7.92670000000000E+4
0 1 119 120 2.979100000000000E+4
0 1 119 139 1.139200000000000E+5
0 1 120 140 -1.82230000000000E+4
0 1 121 122 -9.90210000000000E+4
0 1 121 140 -1.69063000000000E+5
0 1 121 141 3.398000000000001E+4
0 1 122 123 1.353900000000000E+4
0 1 122 142 6.124300000000001E+4
0 1 123 124 -6.59850000000000E+4
0 1 123 143 1.068080000000000E+5
0 1 124 125 -9.50910000000000E+4
0 1 124 144 1.697000000000000E+5
0 1 125 126 4.659600000000001E+4
0 1 125 145 -1.47867000000000E+5
0 1 126 127 5.251600000000001E+4
0 1 126 146 -1.57370000000000E+5
0 1 127 128 -7.95510000000000E+4
0 1 127 147 1.769600000000000E+4
0 1 128 129 -1.57402000000000E+5
0 1 128 148 -8.03860000000000E+4
0 1 129 130 592.000000000000000
0 1 129 149 1.397080000000000E+5
0 1 130 131 -2.07044000000000E+5
0 1 130 150 1.030590000000000E+5
0 1 131 132 -3.56100000000000E+3
0 1 131 151 7.708300000000000E+4
0 1 132 133 -1.14840000000000E+5
0 1 132 152 -2.47790000000000E+4
0 1 133 134 2.594800000000000E+4
0 1 133 153 -1.51030000000000E+4
0 1 134 135 -1.78867000000000E+5
0 1 134 154 -7.45400000000000E+4
0 1 135 136 -5.62400000000000E+3
0 1 135 155 5.635500000000000E+4
0 1 136 137 -221.000000000000000
0 1 136 156 -8.26260000000000E+4
0 1 137 138 1.923300000000000E+5
0 1 137 157 -1.12698000000000E+5
0 1 138 139 -1.85006000000000E+5
0 1 138 158 -8.71440000000000E+4
0 1 139 140 -1.74379000000000E+5
0 1 139 159 1.468700000000000E+4
0 1 140 160 -1.37159000000000E+5
0 1 141 142 -2.38180000000000E+4
0 1 141 160 7.968900000000000E+4
0 1 141 161 2.070500000000000E+4
0 1 142 143 2.055100000000000E+4
0 1 142 162 -5.32290000000000E+4
0 1 143 144 3.985300000000000E+4
0 1 143 163 9.436499999999998E+4
0 1 144 145 6.456500000000001E+4
0 1 144 164 1.863540000000000E+5
0 1 145 146 7.579200000000001E+4
0 1 145 165 -1.12209000000000E+5
0 1 146 147 -2.05900000000000E+4
0 1 146 166 -1.15901000000000E+5
0 1 147 148 7.425399999999999E+4
0 1 147 167 -1.66912000000000E+5
0 1 148 149 1.092640000000000E+5
0 1 148 168 3.758300000000001E+4
0 1 149 150 -1.05352000000000E+5
0 1 149 169 -1.30501000000000E+5
0 1 150 151 2.133200000000000E+4
0 1 150 170 2565.000000000000000
0 1 151 152 1.468830000000000E+5
0 1 151 171 6.381500000000000E+4
0 1 152 153 1.388600000000000E+4
0 1 152 172 -1.03720000000000E+4
0 1 153 154 1.712500000000000E+5
0 1 153 173 -1.49376000000000E+5
0 1 154 155 1.323500000000000E+4
0 1 154 174 -1.13440000000000E+4
0 1 155 156 -2.61450000000000E+4
0 1 155 175 -3.00160000000000E+4
0 1 156 157 -3.22810000000000E+4
0 1 156 176 1.863540000000000E+5
0 1 157 158 -4.19270000000000E+4
0 1 157 177 -440.000000000000000
0 1 158 159 -1.35648000000000E+5
0 1 158 178 -1.38239000000000E+5
0 1 159 160 -5.62600000000000E+3
0 1 159 179 -1.13689000000000E+5
0 1 160 180 5.876700000000000E+4
0 1 161 162 -2.20550000000000E+4
0 1 161 180 4.657300000000001E+4
0 1 161 181 -1.44593000000000E+5
0 1 162 163 -5.50370000000000E+4
0 1 162 182 1.061720000000000E+5
0 1 163 164 -3.80570000000000E+4
0 1 163 183 -1.25490000000000E+4
0 1 164 165 -3.70630000000000E+4
0 1 164 184 -8.11500000000000E+3
0 1 165 166 -1.79726000000000E+5
0 1 165 185 -8.94220000000000E+4
0 1 166 167 5.974900000000000E+4
0 1 166 186 1.088300000000000E+5
0 1 167 168 -1.72920000000000E+4
0 1 167 187 2.320400000000000E+4
0 1 168 169 3.289800000000000E+4
0 1 168 188 -1.06737000000000E+5
0 1 169 170 8451.000000000000000
0 1 169 189 1.413600000000000E+4
0 1 170 171 -1.17134000000000E+5
0 1 170 190 -1.58246000000000E+5
0 1 171 172 -2.59470000000000E+4
0 1 171 191 -1.65231000000000E+5
0 1 172 173 -1.31240000000000E+5
0 1 172 192 -1.40423000000000E+5
0 1 173 174 1.540000000000000E+4
0 1 173 193 6.188500000000001E+4
0 1 174 175 -1.16135000000000E+5
0 1 174 194 -3.75990000000000E+4
0 1 175 176 -2.72810000000000E+4
0 1 175 195 -7.69300000000000E+4
0 1 176 177 -4.28830000000000E+4
0 1 176 196 -4.37440000000000E+4
0 1 177 178 -6.37310000000000E+4
0 1 177 197 2.884100000000000E+5
0 1 178 179 -2.43005000000000E+5
0 1 178 198 1.331520000000000E+5
0 1 179 180 1.733400000000000E+5
0 1 179 199 3.723500000000000E+4
0 1 180 200 -9.35360000000000E+4
0 1 181 182 -1.88470000000000E+4
0 1 181 200 1.032030000000000E+5
0 1 181 201 -4.77130000000000E+4
0 1 182 183 -8.39700000000000E+3
0 1 182 202 -7.10880000000000E+4
0 1 183 184 -1.96564000000000E+5
0 1 183 203 5.733300000000001E+4
0 1 184 185 -1.55832000000000E+5
0 1 184 204 -4.37600000000000E+4
0 1 185 186 3.647400000000000E+4
0 1 185 205 1.497400000000000E+4
0 1 186 187 -3.36240000000000E+4
0 1 186 206 5.293100000000001E+4
0 1 187 188 -3.17238000000000E+5
0 1 187 207 -2.11650000000000E+4
0 1 188 189 -1.29622000000000E+5
0 1 188 208 -0.99945000000000E+5
0 1 189 190 2.068560000000000E+5
0 1 189 209 -3.38780000000000E+4
0 1 190 191 1.573440000000000E+5
0 1 190 210 8.690999999999998E+4
0 1 191 192 1.803800000000000E+4
0 1 191 211 7.313399999999999E+4
0 1 192 193 1.372200000000000E+5
0 1 192 212 1.682300000000000E+4
0 1 193 194 7.494399999999999E+4
0 1 193 213 3.612900000000001E+4
0 1 194 195 -1.36010000000000E+4
0 1 194 214 1.060480000000000E+5
0 1 195 196 -3.34110000000000E+4
0 1 195 215 -2.62170000000000E+4
0 1 196 197 -1.10481000000000E+5
0 1 196 216 4.883400000000000E+4
0 1 197 198 -9.91170000000000E+4
0 1 197 217 -2.79020000000000E+4
0 1 198 199 -1.42988000000000E+5
0 1 198 218 -2.66600000000000E+3
0 1 199 200 -1.82605000000000E+5
0 1 199 219 1.503700000000000E+4
0 1 200 220 8.961200000000001E+4
0 1 201 202 8.423600000000000E+4
0 1 201 220 -6.92350000000000E+4
0 1 201 221 -3.71000000000000E+4
0 1 202 203 -1.21721000000000E+5
0 1 202 222 -1.20492000000000E+5
0 1 203 204 -7.21600000000000E+3
0 1 203 223 -2.03137000000000E+5
0 1 204 205 -6.80980000000000E+4
0 1 204 224 -8.19000000000000E+3
0 1 205 206 -1.21764000000000E+5
0 1 205 225 8.677500000000000E+4
0 1 206 207 1.253660000000000E+5
0 1 206 226 1.061010000000000E+5
0 1 207 208 -5.21520000000000E+4
0 1 207 227 1.242170000000000E+5
0 1 208 209 -1.82860000000000E+4
0 1 208 228 2.499700000000000E+4
0 1 209 210 -4.26960000000000E+4
0 1 209 229 5.190100000000000E+4
0 1 210 211 4.238600000000000E+4
0 1 210 230 1.053340000000000E+5
0 1 211 212 1.388000000000000E+5
0 1 211 231 -7.99780000000000E+4
0 1 212 213 3882.000000000000000
0 1 212 232 7.011400000000000E+4
0 1 213 214 -7.96340000000000E+4
0 1 213 233 -5.15120000000000E+4
0 1 214 215 1.238370000000000E+5
0 1 214 234 -7.81820000000000E+4
0 1 215 216 -8.31080000000000E+4
0 1 215 235 -2.45000000000000E+3
0 1 216 217 1645.000000000000000
0 1 216 236 1.718730000000000E+5
0 1 217 218 -7.58410000000000E+4
0 1 217 237 1.036550000000000E+5
0 1 218 219 -1.81849000000000E+5
0 1 218 238 -1.44885000000000E+5
0 1 219 220 1.043870000000000E+5
0 1 219 239 1.249790000000000E+5
0 1 220 240 7.359100000000001E+4
0 1 221 222 -2.09264000000000E+5
0 1 221 240 -2.53618000000000E+5
0 1 221 241 4.580400000000000E+4
0 1 222 223 -8.01500000000000E+3
0 1 222 242 -4.59190000000000E+4
0 1 223 224 2.004350000000000E+5
0 1 223 243 9724.000000000000000
0 1 224 225 -3.18380000000000E+4
0 1 224 244 1.419260000000000E+5
0 1 225 226 1.478220000000000E+5
0 1 225 245 4587.000000000000000
0 1 226 227 -1.29731000000000E+5
0 1 226 246 -1.00309000000000E+5
0 1 227 228 1.174420000000000E+5
0 1 227 247 -3.43910000000000E+4
0 1 228 229 5.457100000000001E+4
0 1 228 248 -6.88900000000000E+4
0 1 229 230 1.340670000000000E+5
0 1 229 249 3.286200000000000E+4
0 1 230 231 8.951299999999999E+4
0 1 230 250 4.277300000000001E+4
0 1 231 232 -8.45020000000000E+4
0 1 231 251 6.471400000000000E+4
0 1 232 233 -1.32323000000000E+5
0 1 232 252 -5.18430000000000E+4
0 1 233 234 -4.94360000000000E+4
0 1 233 253 -9.43490000000000E+4
0 1 234 235 1.010800000000000E+5
0 1 234 254 -5.92040000000000E+4
0 1 235 236 2.386490000000000E+5
0 1 235 255 1.620720000000000E+5
0 1 236 237 -5.60010000000000E+4
0 1 236 256 -1.09473000000000E+5
0 1 237 238 -2.10470000000000E+4
0 1 237 257 -1.20040000000000E+5
0 1 238 239 1813.000000000000000
0 1 238 258 1.780410000000000E+5
0 1 239 240 -9.30800000000000E+4
0 1 239 259 1.317260000000000E+5
0 1 240 260 -1.72320000000000E+4
0 1 241 242 -6.75720000000000E+4
0 1 241 260 -1.45227000000000E+5
0 1 241 261 -1.55888000000000E+5
0 1 242 243 1.434910000000000E+5
0 1 242 262 -0.99974000000000E+5
0 1 243 244 -2.04480000000000E+4
0 1 243 263 -2.56020000000000E+4
0 1 244 245 1.192200000000000E+5
0 1 244 264 9256.000000000000000
0 1 245 246 1.701800000000000E+4
0 1 245 265 7.571100000000000E+4
0 1 246 247 7288.000000000000000
0 1 246 266 -1.72732000000000E+5
0 1 247 248 9.323900000000000E+4
0 1 247 267 7.643400000000000E+4
0 1 248 249 1.718190000000000E+5
0 1 248 268 2.251200000000000E+4
0 1 249 250 9.475500000000000E+4
0 1 249 269 -7.00380000000000E+4
0 1 250 251 -5.15540000000000E+4
0 1 250 270 1.138850000000000E+5
0 1 251 252 1.541850000000000E+5
0 1 251 271 8.116499999999998E+4
0 1 252 253 1.626360000000000E+5
0 1 252 272 7.819900000000000E+4
0 1 253 254 -9.40880000000000E+4
0 1 253 273 3.182000000000000E+4
0 1 254 255 6.296600000000001E+4
0 1 254 274 4833.000000000000000
0 1 255 256 -1.55842000000000E+5
0 1 255 275 3.560100000000000E+4
0 1 256 257 -2.71000000000000E+3
0 1 256 276 -1.17052000000000E+5
0 1 257 258 3.801200000000000E+4
0 1 257 277 1.259910000000000E+5
0 1 258 259 -1.12720000000000E+4
0 1 258 278 -2.91970000000000E+4
0 1 259 260 8.632799999999999E+4
0 1 259 279 8.534200000000002E+4
0 1 260 280 -1.92161000000000E+5
0 1 261 262 -1.42370000000000E+5
0 1 261 280 1.863900000000000E+4
0 1 261 281 -8.52670000000000E+4
0 1 262 263 6.532400000000000E+4
0 1 262 282 1.651650000000000E+5
0 1 263 264 -1.29380000000000E+5
0 1 263 283 -7.32440000000000E+4
0 1 264 265 -8.67830000000000E+4
0 1 264 284 1.388450000000000E+5
0 1 265 266 -6.48540000000000E+4
0 1 265 285 1.305900000000000E+5
0 1 266 267 -1.04556000000000E+5
0 1 266 286 -1.24829000000000E+5
0 1 267 268 -4.39490000000000E+4
0 1 267 287 -8.03930000000000E+4
0 1 268 269 -2.91465000000000E+5
0 1 268 288 -1.98161000000000E+5
0 1 269 270 2.296370000000000E+5
0 1 269 289 -1.23424000000000E+5
0 1 270 271 4.126100000000000E+4
0 1 270 290 -1.14662000000000E+5
0 1 271 272 1.481860000000000E+5
0 1 271 291 9.100799999999999E+4
0 1 272 273 8485.000000000000000
0 1 272 292 2775.000000000000000
0 1 273 274 9.612800000000000E+4
0 1 273 293 2.908900000000000E+4
0 1 274 275 1.058820000000000E+5
0 1 274 294 -1.40387000000000E+5
0 1 275 276 -1.38830000000000E+4
0 1 275 295 6.230500000000000E+4
0 1 276 277 7.282700000000001E+4
0 1 276 296 -1.41580000000000E+4
0 1 277 278 6.942800000000000E+4
0 1 277 297 -2.17490000000000E+4
0 1 278 279 -7.75660000000000E+4
0 1 278 298 -9.29840000000000E+4
0 1 279 280 -3.83880000000000E+4
0 1 279 299 -1.05203000000000E+5
0 1 280 300 8.155300000000000E+4
0 1 281 282 -1.38491000000000E+5
0 1 281 300 5.521300000000000E+4
0 1 281 301 1.317720000000000E+5
0 1 282 283 9.978200000000001E+4
0 1 282 302 -1.64070000000000E+4
0 1 283 284 -2.30904000000000E+5
0 1 283 303 -8.46840000000000E+4
0 1 284 285 -2.25887000000000E+5
0 1 284 304 -8.67100000000000E+3
0 1 285 286 -1.14134000000000E+5
0 1 285 305 6269.000000000000000
0 1 286 287 -2.81100000000000E+4
0 1 286 306 -3.65240000000000E+4
0 1 287 288 -2.80480000000000E+4
0 1 287 307 -1.48735000000000E+5
0 1 288 289 5.988700000000000E+4
0 1 288 308 4.903000000000001E+4
0 1 289 290 -4.66020000000000E+4
0 1 289 309 -1.42373000000000E+5
0 1 290 291 -1.05061000000000E+5
0 1 290 310 4.482000000000001E+4
0 1 291 292 1.066870000000000E+5
0 1 291 311 -1.21485000000000E+5
0 1 292 293 -1.25100000000000E+5
0 1 292 312 5.986000000000000E+4
0 1 293 294 2.102670000000000E+5
0 1 293 313 2.512400000000000E+4
0 1 294 295 1.583340000000000E+5
0 1 294 314 1.156830000000000E+5
0 1 295 296 -1.63857000000000E+5
0 1 295 315 1.012320000000000E+5
0 1 296 297 7.536200000000000E+4
0 1 296 316 -3.39440000000000E+4
0 1 297 298 2.823700000000000E+4
0 1 297 317 2.367400000000000E+4
0 1 298 299 1.172340000000000E+5
0 1 298 318 -2.27760000000000E+4
0 1 299 300 -4.62970000000000E+4
0 1 299 319 1.414910000000000E+5
0 1 300 320 1.544300000000000E+4
0 1 301 302 9.307900000000000E+4
0 1 301 320 5.096800000000000E+4
0 1 301 321 -1.05143000000000E+5
0 1 302 303 1.054750000000000E+5
0 1 302 322 -4.92000000000000E+3
0 1 303 304 -9.42000000000000E+4
0 1 303 323 1.874730000000000E+5
0 1 304 305 2.207330000000000E+5
0 1 304 324 -3.85290000000000E+4
0 1 305 306 1.173230000000000E+5
0 1 305 325 1.173200000000000E+4
0 1 306 307 -1.33278000000000E+5
0 1 306 326 2.154800000000000E+5
0 1 307 308 1.717400000000000E+4
0 1 307 327 -2.90619000000000E+5
0 1 308 309 2.200300000000000E+4
0 1 308 328 -1.26311000000000E+5
0 1 309 310 7.923900000000001E+4
0 1 309 329 8.308099999999999E+4
0 1 310 311 3.923800000000000E+4
0 1 310 330 7.269500000000001E+4
0 1 311 312 7.883000000000000E+4
0 1 311 331 -4.52950000000000E+4
0 1 312 313 6.494700000000000E+4
0 1 312 332 -1.44086000000000E+5
0 1 313 314 2.880600000000000E+4
0 1 313 333 -1.40502000000000E+5
0 1 314 315 -8.62980000000000E+4
0 1 314 334 -6.25850000000000E+4
0 1 315 316 9500.000000000000000
0 1 315 335 7.991300000000000E+4
0 1 316 317 7.081500000000001E+4
0 1 316 336 6.395300000000000E+4
0 1 317 318 2.514500000000000E+4
0 1 317 337 4.806800000000000E+4
0 1 318 319 -4.15970000000000E+4
0 1 318 338 -3.40400000000000E+3
0 1 319 320 -8.07900000000000E+3
0 1 319 339 1.540570000000000E+5
0 1 320 340 -4.85610000000000E+4
0 1 321 322 -4.14210000000000E+4
0 1 321 340 6.159600000000001E+4
0 1 321 341 -5.63720000000000E+4
0 1 322 323 6.227400000000001E+4
0 1 322 342 -6.88760000000000E+4
0 1 323 324 1.742500000000000E+4
0 1 323 343 2.340770000000000E+5
0 1 324 325 -9.64960000000000E+4
0 1 324 344 -1.13110000000000E+4
0 1 325 326 -2.35280000000000E+4
0 1 325 345 -3.05930000000000E+4
0 1 326 327 -2.74595000000000E+5
0 1 326 346 -1.08395000000000E+5
0 1 327 328 4.556800000000000E+4
0 1 327 347 7.319000000000000E+4
0 1 328 329 -8.00370000000000E+4
0 1 328 348 -9.29470000000000E+4
0 1 329 330 4.252100000000001E+4
0 1 329 349 1.661520000000000E+5
0 1 330 331 -1.00961000000000E+5
0 1 330 350 -4.79180000000000E+4
0 1 331 332 -7.63960000000000E+4
0 1 331 351 4.373100000000001E+4
0 1 332 333 4.740500000000000E+4
0 1 332 352 1.671110000000000E+5
0 1 333 334 1.271930000000000E+5
0 1 333 353 8.602799999999998E+4
0 1 334 335 7.880400000000000E+4
0 1 334 354 6.838000000000000E+4
0 1 335 336 -1.25531000000000E+5
0 1 335 355 -1.28753000000000E+5
0 1 336 337 -1.18650000000000E+4
0 1 336 356 7.095899999999999E+4
0 1 337 338 1.312800000000000E+5
0 1 337 357 -2.11763000000000E+5
0 1 338 339 4.978000000000000E+4
0 1 338 358 6.965800000000000E+4
0 1 339 340 4.455200000000000E+4
0 1 339 359 -3.21120000000000E+4
0 1 340 360 -2.13120000000000E+4
0 1 341 342 9619.000000000000000
0 1 341 360 -3.40030000000000E+4
0 1 341 361 -2.62720000000000E+4
0 1 342 343 -5.74150000000000E+4
0 1 342 362 -2.00390000000000E+4
0 1 343 344 -1.01185000000000E+5
0 1 343 363 -1.75163000000000E+5
0 1 344 345 7.651900000000000E+4
0 1 344 364 1.573500000000000E+4
0 1 345 346 -1.79770000000000E+4
0 1 345 365 1.234230000000000E+5
0 1 346 347 -1.51090000000000E+4
0 1 346 366 -1.54124000000000E+5
0 1 347 348 5524.000000000000000
0 1 347 367 -8.36010000000000E+4
0 1 348 349 -7.92550000000000E+4
0 1 348 368 9.360899999999999E+4
0 1 349 350 1.086910000000000E+5
0 1 349 369 -9.58830000000000E+4
0 1 350 351 7.993800000000001E+4
0 1 350 370 -8.54230000000000E+4
0 1 351 352 3.001700000000000E+4
0 1 351 371 -3.99510000000000E+4
0 1 352 353 7.750800000000001E+4
0 1 352 372 -4.02670000000000E+4
0 1 353 354 -1.54270000000000E+4
0 1 353 373 6.769600000000000E+4
0 1 354 355 -3.94000000000000E+4
0 1 354 374 9.810999999999999E+4
0 1 355 356 -4.50450000000000E+4
0 1 355 375 -2.49151000000000E+5
0 1 356 357 -5.82390000000000E+4
0 1 356 376 7.166200000000001E+4
0 1 357 358 -2.70340000000000E+4
0 1 357 377 -5.03700000000000E+3
0 1 358 359 1.153660000000000E+5
0 1 358 378 -1.39420000000000E+4
0 1 359 360 1.124670000000000E+5
0 1 359 379 -1.52010000000000E+4
0 1 360 380 -1.48560000000000E+4
0 1 361 362 5.435900000000000E+4
0 1 361 380 1.064840000000000E+5
0 1 361 381 4.645400000000000E+4
0 1 362 363 -8.63490000000000E+4
0 1 362 382 1.165530000000000E+5
0 1 363 364 7.957500000000001E+4
0 1 363 383 -4.03380000000000E+4
0 1 364 365 -1.12691000000000E+5
0 1 364 384 -1.51290000000000E+4
0 1 365 366 5.960000000000000E+4
0 1 365 385 2.452000000000000E+4
0 1 366 367 8321.000000000000000
0 1 366 386 -1.16127000000000E+5
0 1 367 368 -1.30026000000000E+5
0 1 367 387 1.746710000000000E+5
0 1 368 369 2.493300000000000E+4
0 1 368 388 9903.000000000000000
0 1 369 370 1.892900000000000E+4
0 1 369 389 -1.70740000000000E+4
0 1 370 371 2.004300000000000E+4
0 1 370 390 1.061300000000000E+5
0 1 371 372 4674.000000000000000
0 1 371 391 -1.15989000000000E+5
0 1 372 373 -1.10992000000000E+5
0 1 372 392 1.702830000000000E+5
0 1 373 374 -4.73100000000000E+3
0 1 373 393 -1.78149000000000E+5
0 1 374 375 -5.24050000000000E+4
0 1 374 394 -6.74130000000000E+4
0 1 375 376 -5.90260000000000E+4
0 1 375 395 -1.73964000000000E+5
0 1 376 377 -3.01004000000000E+5
0 1 376 396 -8.45490000000000E+4
0 1 377 378 4.751300000000000E+4
0 1 377 397 -1.24213000000000E+5
0 1 378 379 -2.90190000000000E+4
0 1 378 398 4.700100000000001E+4
0 1 379 380 -3.70310000000000E+4
0 1 379 399 1.760490000000000E+5
0 1 380 400 -8.93010000000000E+4
0 1 381 382 4.883300000000001E+4
0 1 381 400 -8.91870000000000E+4
0 1 382 383 1.237500000000000E+5
0 1 383 384 -2.63903000000000E+5
0 1 384 385 5.898900000000000E+4
0 1 385 386 7.585300000000000E+4
0 1 386 387 -7.78810000000000E+4
0 1 387 388 2.045970000000000E+5
0 1 388 389 -1.59739000000000E+5
0 1 389 390 -1.38044000000000E+5
0 1 390 391 2.998800000000000E+4
0 1 391 392 -1.32894000000000E+5
0 1 392 393 1.604000000000000E+5
0 1 393 394 -8.24600000000000E+3
0 1 394 395 1.365840000000000E+5
0 1 395 396 1.737100000000000E+4
0 1 396 397 9465.000000000000000
0 1 397 398 4.062800000000001E+4
0 1 398 399 -3.56470000000000E+4
0 1 399 400 -9.78140000000000E+4
1 1 1 1 1.000000000000000
2 1 2 2 1.000000000000000
3 1 3 3 1.000000000000000
4 1 4 4 1.000000000000000
5 1 5 5 1.000000000000000
6 1 6 6 1.000000000000000
7 1 7 7 1.000000000000000
8 1 8 8 1.000000000000000
9 1 9 9 1.000000000000000
10 1 10 10 1.000000000000000
11 1 11 11 1.000000000000000
12 1 12 12 1.000000000000000
13 1 13 13 1.000000000000000
14 1 14 14 1.000000000000000
15 1 15 15 1.000000000000000
16 1 16 16 1.000000000000000
17 1 17 17 1.000000000000000
18 1 18 18 1.000000000000000
19 1 19 19 1.000000000000000
20 1 20 20 1.000000000000000
21 1 21 21 1.000000000000000
22 1 22 22 1.000000000000000
23 1 23 23 1.000000000000000
24 1 24 24 1.000000000000000
25 1 25 25 1.000000000000000
26 1 26 26 1.000000000000000
27 1 27 27 1.000000000000000
28 1 28 28 1.000000000000000
29 1 29 29 1.000000000000000
30 1 30 30 1.000000000000000
31 1 31 31 1.000000000000000
32 1 32 32 1.000000000000000
33 1 33 33 1.000000000000000
34 1 34 34 1.000000000000000
35 1 35 35 1.000000000000000
36 1 36 36 1.000000000000000
37 1 37 37 1.000000000000000
38 1 38 38 1.000000000000000
39 1 39 39 1.000000000000000
40 1 40 40 1.000000000000000
41 1 41 41 1.000000000000000
42 1 42 42 1.000000000000000
43 1 43 43 1.000000000000000
44 1 44 44 1.000000000000000
45 1 45 45 1.000000000000000
46 1 46 46 1.000000000000000
47 1 47 47 1.000000000000000
48 1 48 48 1.000000000000000
49 1 49 49 1.000000000000000
50 1 50 50 1.000000000000000
51 1 51 51 1.000000000000000
52 1 52 52 1.000000000000000
53 1 53 53 1.000000000000000
54 1 54 54 1.000000000000000
55 1 55 55 1.000000000000000
56 1 56 56 1.000000000000000
57 1 57 57 1.000000000000000
58 1 58 58 1.000000000000000
59 1 59 59 1.000000000000000
60 1 60 60 1.000000000000000
61 1 61 61 1.000000000000000
62 1 62 62 1.000000000000000
63 1 63 63 1.000000000000000
64 1 64 64 1.000000000000000
65 1 65 65 1.000000000000000
66 1 66 66 1.000000000000000
67 1 67 67 1.000000000000000
68 1 68 68 1.000000000000000
69 1 69 69 1.000000000000000
70 1 70 70 1.000000000000000
71 1 71 71 1.000000000000000
72 1 72 72 1.000000000000000
73 1 73 73 1.000000000000000
74 1 74 74 1.000000000000000
75 1 75 75 1.000000000000000
76 1 76 76 1.000000000000000
77 1 77 77 1.000000000000000
78 1 78 78 1.000000000000000
79 1 79 79 1.000000000000000
80 1 80 80 1.000000000000000
81 1 81 81 1.000000000000000
82 1 82 82 1.000000000000000
83 1 83 83 1.000000000000000
84 1 84 84 1.000000000000000
85 1 85 85 1.000000000000000
86 1 86 86 1.000000000000000
87 1 87 87 1.000000000000000
88 1 88 88 1.000000000000000
89 1 89 89 1.000000000000000
90 1 90 90 1.000000000000000
91 1 91 91 1.000000000000000
92 1 92 92 1.000000000000000
93 1 93 93 1.000000000000000
94 1 94 94 1.000000000000000
95 1 95 95 1.000000000000000
96 1 96 96 1.000000000000000
97 1 97 97 1.000000000000000
98 1 98 98 1.000000000000000
99 1 99 99 1.000000000000000
100 1 100 100 1.000000000000000
101 1 101 101 1.000000000000000
102 1 102 102 1.000000000000000
103 1 103 103 1.000000000000000
104 1 104 104 1.000000000000000
105 1 105 105 1.000000000000000
106 1 106 106 1.000000000000000
107 1 107 107 1.000000000000000
108 1 108 108 1.000000000000000
109 1 109 109 1.000000000000000
110 1 110 110 1.000000000000000
111 1 111 111 1.000000000000000
112 1 112 112 1.000000000000000
113 1 113 113 1.000000000000000
114 1 114 114 1.000000000000000
115 1 115 115 1.000000000000000
116 1 116 116 1.000000000000000
117 1 117 117 1.000000000000000
118 1 118 118 1.000000000000000
119 1 119 119 1.000000000000000
120 1 120 120 1.000000000000000
121 1 121 121 1.000000000000000
122 1 122 122 1.000000000000000
123 1 123 123 1.000000000000000
124 1 124 124 1.000000000000000
125 1 125 125 1.000000000000000
126 1 126 126 1.000000000000000
127 1 127 127 1.000000000000000
128 1 128 128 1.000000000000000
129 1 129 129 1.000000000000000
130 1 130 130 1.000000000000000
131 1 131 131 1.000000000000000
132 1 132 132 1.000000000000000
133 1 133 133 1.000000000000000
134 1 134 134 1.000000000000000
135 1 135 135 1.000000000000000
136 1 136 136 1.000000000000000
137 1 137 137 1.000000000000000
138 1 138 138 1.000000000000000
139 1 139 139 1.000000000000000
140 1 140 140 1.000000000000000
141 1 141 141 1.000000000000000
142 1 142 142 1.000000000000000
143 1 143 143 1.000000000000000
144 1 144 144 1.000000000000000
145 1 145 145 1.000000000000000
146 1 146 146 1.000000000000000
147 1 147 147 1.000000000000000
148 1 148 148 1.000000000000000
149 1 149 149 1.000000000000000
150 1 150 150 1.000000000000000
151 1 151 151 1.000000000000000
152 1 152 152 1.000000000000000
153 1 153 153 1.000000000000000
154 1 154 154 1.000000000000000
155 1 155 155 1.000000000000000
156 1 156 156 1.000000000000000
157 1 157 157 1.000000000000000
158 1 158 158 1.000000000000000
159 1 159 159 1.000000000000000
160 1 160 160 1.000000000000000
161 1 161 161 1.000000000000000
162 1 162 162 1.000000000000000
163 1 163 163 1.000000000000000
164 1 164 164 1.000000000000000
165 1 165 165 1.000000000000000
166 1 166 166 1.000000000000000
167 1 167 167 1.000000000000000
168 1 168 168 1.000000000000000
169 1 169 169 1.000000000000000
170 1 170 170 1.000000000000000
171 1 171 171 1.000000000000000
172 1 172 172 1.000000000000000
173 1 173 173 1.000000000000000
174 1 174 174 1.000000000000000
175 1 175 175 1.000000000000000
176 1 176 176 1.000000000000000
177 1 177 177 1.000000000000000
178 1 178 178 1.000000000000000
179 1 179 179 1.000000000000000
180 1 180 180 1.000000000000000
181 1 181 181 1.000000000000000
182 1 182 182 1.000000000000000
183 1 183 183 1.000000000000000
184 1 184 184 1.000000000000000
185 1 185 185 1.000000000000000
186 1 186 186 1.000000000000000
187 1 187 187 1.000000000000000
188 1 188 188 1.000000000000000
189 1 189 189 1.000000000000000
190 1 190 190 1.000000000000000
191 1 191 191 1.000000000000000
192 1 192 192 1.000000000000000
193 1 193 193 1.000000000000000
194 1 194 194 1.000000000000000
195 1 195 195 1.000000000000000
196 1 196 196 1.000000000000000
197 1 197 197 1.000000000000000
198 1 198 198 1.000000000000000
199 1 199 199 1.000000000000000
200 1 200 200 1.000000000000000
201 1 201 201 1.000000000000000
202 1 202 202 1.000000000000000
203 1 203 203 1.000000000000000
204 1 204 204 1.000000000000000
205 1 205 205 1.000000000000000
206 1 206 206 1.000000000000000
207 1 207 207 1.000000000000000
208 1 208 208 1.000000000000000
209 1 209 209 1.000000000000000
210 1 210 210 1.000000000000000
211 1 211 211 1.000000000000000
212 1 212 212 1.000000000000000
213 1 213 213 1.000000000000000
214 1 214 214 1.000000000000000
215 1 215 215 1.000000000000000
216 1 216 216 1.000000000000000
217 1 217 217 1.000000000000000
218 1 218 218 1.000000000000000
219 1 219 219 1.000000000000000
220 1 220 220 1.000000000000000
221 1 221 221 1.000000000000000
222 1 222 222 1.000000000000000
223 1 223 223 1.000000000000000
224 1 224 224 1.000000000000000
225 1 225 225 1.000000000000000
226 1 226 226 1.000000000000000
227 1 227 227 1.000000000000000
228 1 228 228 1.000000000000000
229 1 229 229 1.000000000000000
230 1 230 230 1.000000000000000
231 1 231 231 1.000000000000000
232 1 232 232 1.000000000000000
233 1 233 233 1.000000000000000
234 1 234 234 1.000000000000000
235 1 235 235 1.000000000000000
236 1 236 236 1.000000000000000
237 1 237 237 1.000000000000000
238 1 238 238 1.000000000000000
239 1 239 239 1.000000000000000
240 1 240 240 1.000000000000000
241 1 241 241 1.000000000000000
242 1 242 242 1.000000000000000
243 1 243 243 1.000000000000000
244 1 244 244 1.000000000000000
245 1 245 245 1.000000000000000
246 1 246 246 1.000000000000000
247 1 247 247 1.000000000000000
248 1 248 248 1.000000000000000
249 1 249 249 1.000000000000000
250 1 250 250 1.000000000000000
251 1 251 251 1.000000000000000
252 1 252 252 1.000000000000000
253 1 253 253 1.000000000000000
254 1 254 254 1.000000000000000
255 1 255 255 1.000000000000000
256 1 256 256 1.000000000000000
257 1 257 257 1.000000000000000
258 1 258 258 1.000000000000000
259 1 259 259 1.000000000000000
260 1 260 260 1.000000000000000
261 1 261 261 1.000000000000000
262 1 262 262 1.000000000000000
263 1 263 263 1.000000000000000
264 1 264 264 1.000000000000000
265 1 265 265 1.000000000000000
266 1 266 266 1.000000000000000
267 1 267 267 1.000000000000000
268 1 268 268 1.000000000000000
269 1 269 269 1.000000000000000
270 1 270 270 1.000000000000000
271 1 271 271 1.000000000000000
272 1 272 272 1.000000000000000
273 1 273 273 1.000000000000000
274 1 274 274 1.000000000000000
275 1 275 275 1.000000000000000
276 1 276 276 1.000000000000000
277 1 277 277 1.000000000000000
278 1 278 278 1.000000000000000
279 1 279 279 1.000000000000000
280 1 280 280 1.000000000000000
281 1 281 281 1.000000000000000
282 1 282 282 1.000000000000000
283 1 283 283 1.000000000000000
284 1 284 284 1.000000000000000
285 1 285 285 1.000000000000000
286 1 286 286 1.000000000000000
287 1 287 287 1.000000000000000
288 1 288 288 1.000000000000000
289 1 289 289 1.000000000000000
290 1 290 290 1.000000000000000
291 1 291 291 1.000000000000000
292 1 292 292 1.000000000000000
293 1 293 293 1.000000000000000
294 1 294 294 1.000000000000000
295 1 295 295 1.000000000000000
296 1 296 296 1.000000000000000
297 1 297 297 1.000000000000000
298 1 298 298 1.000000000000000
299 1 299 299 1.000000000000000
300 1 300 300 1.000000000000000
301 1 301 301 1.000000000000000
302 1 302 302 1.000000000000000
303 1 303 303 1.000000000000000
304 1 304 304 1.000000000000000
305 1 305 305 1.000000000000000
306 1 306 306 1.000000000000000
307 1 307 307 1.000000000000000
308 1 308 308 1.000000000000000
309 1 309 309 1.000000000000000
310 1 310 310 1.000000000000000
311 1 311 311 1.000000000000000
312 1 312 312 1.000000000000000
313 1 313 313 1.000000000000000
314 1 314 314 1.000000000000000
315 1 315 315 1.000000000000000
316 1 316 316 1.000000000000000
317 1 317 317 1.000000000000000
318 1 318 318 1.000000000000000
319 1 319 319 1.000000000000000
320 1 320 320 1.000000000000000
321 1 321 321 1.000000000000000
322 1 322 322 1.000000000000000
323 1 323 323 1.000000000000000
324 1 324 324 1.000000000000000
325 1 325 325 1.000000000000000
326 1 326 326 1.000000000000000
327 1 327 327 1.000000000000000
328 1 328 328 1.000000000000000
329 1 329 329 1.000000000000000
330 1 330 330 1.000000000000000
331 1 331 331 1.000000000000000
332 1 332 332 1.000000000000000
333 1 333 333 1.000000000000000
334 1 334 334 1.000000000000000
335 1 335 335 1.000000000000000
336 1 336 336 1.000000000000000
337 1 337 337 1.000000000000000
338 1 338 338 1.000000000000000
339 1 339 339 1.000000000000000
340 1 340 340 1.000000000000000
341 1 341 341 1.000000000000000
342 1 342 342 1.000000000000000
343 1 343 343 1.000000000000000
344 1 344 344 1.000000000000000
345 1 345 345 1.000000000000000
346 1 346 346 1.000000000000000
347 1 347 347 1.000000000000000
348 1 348 348 1.000000000000000
349 1 349 349 1.000000000000000
350 1 350 350 1.000000000000000
351 1 351 351 1.000000000000000
352 1 352 352 1.000000000000000
353 1 353 353 1.000000000000000
354 1 354 354 1.000000000000000
355 1 355 355 1.000000000000000
356 1 356 356 1.000000000000000
357 1 357 357 1.000000000000000
358 1 358 358 1.000000000000000
359 1 359 359 1.000000000000000
360 1 360 360 1.000000000000000
361 1 361 361 1.000000000000000
362 1 362 362 1.000000000000000
363 1 363 363 1.000000000000000
364 1 364 364 1.000000000000000
365 1 365 365 1.000000000000000
366 1 366 366 1.000000000000000
367 1 367 367 1.000000000000000
368 1 368 368 1.000000000000000
369 1 369 369 1.000000000000000
370 1 370 370 1.000000000000000
371 1 371 371 1.000000000000000
372 1 372 372 1.000000000000000
373 1 373 373 1.000000000000000
374 1 374 374 1.000000000000000
375 1 375 375 1.000000000000000
376 1 376 376 1.000000000000000
377 1 377 377 1.000000000000000
378 1 378 378 1.000000000000000
379 1 379 379 1.000000000000000
380 1 380 380 1.000000000000000
381 1 381 381 1.000000000000000
382 1 382 382 1.000000000000000
383 1 383 383 1.000000000000000
384 1 384 384 1.000000000000000
385 1 385 385 1.000000000000000
386 1 386 386 1.000000000000000
387 1 387 387 1.000000000000000
388 1 388 388 1.000000000000000
389 1 389 389 1.000000000000000
390 1 390 390 1.000000000000000
391 1 391 391 1.000000000000000
392 1 392 392 1.000000000000000
393 1 393 393 1.000000000000000
394 1 394 394 1.000000000000000
395 1 395 395 1.000000000000000
396 1 396 396 1.000000000000000
397 1 397 397 1.000000000000000
398 1 398 398 1.000000000000000
399 1 399 399 1.000000000000000
400 1 400 400 1.000000000000000
